92 27 58
58 27 92
27 58 92
138 43 91
43 91 138
91 43 138
219 116 222
116 219 222
222 116 219
121 30 241
241 30 121
30 121 241
158 125 190
125 158 190
190 125 158
28 150 189
150 28 189
189 28 150
259 55 268
268 55 259
55 259 268
148 264 272
264 148 272
272 148 264
196 105 297
105 196 297
297 105 196
124 11 134
11 124 134
134 11 124
285 254 299
299 254 285
254 285 299
94 71 119
71 94 119
119 71 94
194 275 295
275 194 295
295 194 275
120 32 298
298 32 120
32 120 298
253 165 257
165 253 257
257 165 253
256 172 221
172 221 256
221 172 256
248 79 200
200 79 248
79 200 248
201 98 225
98 201 225
225 98 201
216 112 271
112 216 271
271 112 216
263 180 207
207 180 263
180 207 263
3 110 184
110 3 184
184 3 110
19 169 223
169 19 223
223 19 169
115 171 267
267 115 171
171 115 267
240 151 291
291 151 240
151 240 291
195 100 198
100 195 198
198 100 195
68 245 249
245 68 249
249 68 245
4 72 279
72 4 279
279 4 72
238 145 280
280 145 238
145 238 280
232 131 193
193 131 232
131 193 232
292 10 133
133 10 292
10 133 292
187 59 213
213 59 187
59 187 213
159 47 287
287 47 159
47 159 287
35 224 247
224 35 247
247 35 224
29 5 70
70 5 29
5 29 70
244 42 62
42 62 244
62 42 244
97 95 283
283 95 97
95 97 283
123 182 229
182 123 229
229 123 182
25 56 231
231 25 56
56 25 231
49 78 108
78 49 108
108 49 78
164 7 290
7 164 290
290 7 164
102 122 173
122 102 173
173 102 122
128 191 197
197 128 191
191 128 197
118 24 170
24 118 170
170 24 118
274 44 289
44 274 289
289 44 274
147 2 50
2 50 147
50 2 147
65 61 278
61 65 278
278 61 65
14 203 242
203 14 242
242 14 203
262 99 155
99 155 262
155 99 262
161 15 176
176 15 161
15 161 176
277 54 114
114 54 277
54 114 277
192 103 140
140 103 192
103 140 192
293 13 217
13 217 293
217 13 293
211 86 141
86 141 211
141 86 211
284 235 258
235 258 284
258 235 284
206 111 286
111 206 286
286 111 206
117 21 294
21 117 294
294 21 117
135 73 186
73 135 186
186 73 135
51 12 160
160 12 51
12 51 160
143 163 185
185 143 163
163 143 185
162 31 106
31 106 162
106 31 162
45 208 251
251 45 208
208 45 251
52 16 270
16 52 270
270 16 52
255 204 227
204 227 255
227 204 255
82 46 93
93 46 82
46 82 93
179 96 130
96 130 179
130 96 179
37 8 146
8 37 146
146 8 37
205 66 101
66 101 205
101 66 205
167 53 177
53 167 177
177 53 167
288 74 157
157 74 288
74 157 288
76 166 212
166 76 212
212 76 166
129 41 281
41 129 281
281 41 129
60 136 183
183 60 136
136 60 183
236 40 89
89 40 236
40 89 236
17 174 243
243 17 174
174 17 243
250 144 209
144 209 250
209 144 250
152 18 81
81 18 152
18 81 152
154 34 300
34 154 300
300 34 154
153 88 175
88 153 175
175 88 153
33 23 132
23 33 132
132 23 33
126 67 220
220 67 126
67 126 220
9 127 252
127 9 252
252 9 127
104 87 276
87 104 276
276 87 104
282 36 228
36 228 282
228 36 282
1 156 296
156 1 296
296 1 156
239 64 137
137 64 239
64 137 239
75 84 237
237 75 84
84 75 237
246 22 139
139 22 246
22 139 246
218 77 178
178 77 218
77 178 218
142 20 107
20 107 142
107 20 142
39 210 260
260 39 210
210 39 260
234 26 261
261 26 234
26 234 261
265 57 233
233 57 265
57 233 265
85 63 230
63 85 230
230 63 85
226 48 269
269 48 226
48 226 269
202 109 168
109 168 202
168 109 202
273 83 214
214 83 273
83 214 273
38 215 266
215 38 266
266 38 215
6 149 199
149 6 199
199 6 149
181 90 113
90 113 181
113 90 181
69 80 188
80 69 188
188 69 80
