1000
781038 296387
96772 650001
492938 679296
754829 342220
158829 704486
165489 316970
85807 947757
900026 223347
734505 85724
815094 395504
840671 43832
277111 431149
196811 392690
716077 532832
773183 217240
905144 540777
815768 270553
191530 862978
846528 289836
888785 759894
93197 990820
631141 148801
236153 9279
16413 547853
790009 205711
475311 487533
386244 428629
231396 606140
655753 117313
597798 391969
412416 396773
809122 730575
378329 638461
482919 389108
678642 281038
338699 720939
791798 436175
197043 703999
954309 264347
567312 876195
711390 216966
580487 878669
868519 403514
956136 246521
647060 854815
196792 467730
903165 256971
865209 686019
978007 438645
278467 200868
202881 760865
895051 45499
350919 818020
170828 720495
654480 979577
228576 445406
68356 946021
362872 99788
943872 431446
578563 827819
312670 908183
486714 335605
900294 482393
857843 67263
992443 663474
701848 667005
217471 491222
977343 338836
737724 98384
769442 718901
477235 669545
464511 71885
513377 453638
772899 6749
254760 91634
363347 398143
784034 895378
450342 259215
789415 634049
235193 56465
849434 283690
706424 861405
668979 980319
49291 519241
38391 738690
356082 235112
228746 64747
387019 737865
585447 537355
676331 492614
64998 232651
402837 605987
470527 11378
708430 194808
520548 820420
789496 1877
40278 878264
284046 269441
696217 604681
328048 185508
428356 922152
151047 833312
186407 93963
206275 175487
36734 775555
204192 477436
130326 812877
598117 173217
634005 429803
869905 411693
199425 370484
782039 682613
79145 901317
396150 910227
725479 485098
923695 405101
27146 808944
212881 72442
161498 268346
893665 528954
781416 881980
257129 219329
997914 396582
676555 895762
987071 484217
40723 508313
643403 30718
841350 760329
835589 191787
700914 391178
803524 127959
538515 730552
651617 507934
921111 857054
930203 664948
585865 617772
423319 629948
217359 125340
443224 884760
260180 643688
685369 16033
554700 130406
932121 289439
629899 610012
592177 207938
811546 46242
120652 159132
304139 149943
790585 823530
416701 287781
630078 761310
611848 31335
231292 116155
970679 648086
365864 796150
94081 872493
228096 262481
44884 743090
81999 113372
290172 987354
584633 579827
885544 677875
208123 421997
849230 365446
717210 927771
113902 71034
29448 283664
344512 257912
595144 275441
485491 15156
284073 157223
255370 876795
692956 755795
698418 808044
871513 952158
888679 385532
692992 95232
322099 707214
309441 943324
146686 699113
114950 361268
698979 497120
364868 453856
898141 519654
603609 984902
883687 215307
31549 829396
292316 466099
958852 885877
10127 93015
151376 640361
846841 765298
933960 572718
74809 510255
381593 348427
134331 425106
415415 130772
124879 938422
812313 307791
720039 326797
237556 317703
490656 796493
528774 797636
645148 82663
388605 317777
544941 930450
570639 84610
493088 19087
395714 388771
361648 129209
354554 656864
725248 564623
488316 435668
259917 648142
545472 487242
495539 234905
712834 748424
681968 82803
663902 399497
738494 523284
653610 848010
996972 508275
458961 175362
569702 548326
432709 722465
702620 493700
631242 189544
888539 11449
598502 220449
242064 369426
259829 694724
83647 766973
585291 533536
42842 225819
204065 120478
386867 290944
707828 346979
562415 704038
794217 85757
145034 595592
405210 4011
795300 583092
238572 964442
136845 253832
125926 884764
458017 660578
350511 486620
449085 819723
210495 469120
949924 139204
912838 131814
199538 745237
734031 18698
288322 124503
350144 71652
137802 774115
677347 976055
91915 672546
872190 65769
735100 187911
768695 140953
567764 52442
330087 357562
463882 80356
930119 152614
653129 526605
772395 176757
542729 523549
720147 533803
481879 850709
921544 984272
962168 591188
242320 274101
778631 516207
758688 319057
915578 926688
491578 444714
439961 641619
93558 337348
18419 262501
881735 433326
823874 211391
356999 933361
62161 622628
131752 916939
277871 97442
465315 510586
836410 526152
452545 874871
218154 571483
284014 600972
249502 318597
664461 646243
565426 448913
891358 498033
513726 50275
857605 401940
538330 795584
141905 10421
953834 23038
884389 536860
891989 856037
740619 833601
973698 822935
959567 625093
670442 404360
132665 776885
791058 63703
321892 321404
960783 528384
907643 32071
530182 727938
833802 763114
189114 312919
334965 991832
95254 925761
544876 920048
903246 145729
216705 89279
675010 256187
539905 612055
139533 505887
161606 641136
264984 152743
2599 601398
577726 317545
479975 307058
443172 526151
158171 596237
324549 948766
192238 532756
28539 180141
939840 897547
349600 874047
77446 356631
251037 933241
980255 209091
892350 461361
564918 225299
299593 360074
710922 463668
377953 337579
663838 551030
285537 580255
449119 554973
60184 303535
110025 456684
26207 47195
490822 961641
511420 963577
525823 950779
991960 260952
922225 772812
82542 349656
874640 696839
144730 566479
572709 386300
106498 983659
286863 629530
11837 318662
192393 824558
904771 434422
672163 206965
481012 389984
285324 924967
307812 900599
547479 234937
265140 555197
325323 913415
431315 754771
155702 461426
945654 286538
957264 794720
105982 977883
2670 928445
28653 49563
521153 12851
503734 413014
823380 969521
712122 588586
879835 161855
915060 811383
813549 401043
618097 171118
36879 471508
520341 706628
751291 315296
201287 460498
688479 357746
134444 22362
725130 443207
449409 484919
857348 134229
5997 756883
739884 69408
976702 720238
497304 232756
67329 557418
246311 321890
519570 146822
458613 184190
199256 370620
728042 644355
700386 257343
659413 258356
328352 858881
154148 429598
264058 604951
115142 114452
46949 342545
802692 427396
961360 70790
890056 171169
955134 851643
765920 543913
199090 273436
391119 176407
257042 780594
287921 541740
977880 55644
928946 246100
27657 410783
922527 745213
808271 4069
764374 131409
776498 161038
800085 732441
61347 485127
788895 345402
297827 16415
847419 480775
85847 2559
279965 178925
669157 780362
312394 685575
932880 447210
90149 522309
774057 925432
477556 294791
28161 119984
710074 649112
472905 543162
741625 845315
852661 669172
156754 9825
810064 900889
224223 460429
705069 929980
534022 791347
614173 55937
989382 974213
871719 383671
576338 832607
474426 601663
759913 65544
463157 10803
117360 823818
851514 290662
880476 199843
740187 135334
448237 186418
541667 142018
436828 47830
315126 223689
289690 977820
398158 256299
832979 7660
867410 667036
201637 387693
377965 934331
717630 331946
589254 479859
860305 97504
674960 896438
72792 707884
625500 128547
692001 570474
576305 710311
405754 596363
392359 974047
410864 840134
553126 325099
875245 834488
655565 132076
430678 816859
383206 584201
693024 405524
871866 844923
567910 699473
989175 810953
12821 450903
895205 356582
210563 650934
481874 769967
373547 484664
795754 616179
159977 575739
934095 157103
917223 478892
754523 421907
206665 499451
592309 266094
759550 489636
815819 271233
827072 216504
929810 171746
901870 675427
399980 93462
948499 638072
798572 808613
332663 420681
515281 875087
418370 820805
587497 128495
822111 112440
497868 715840
214870 937680
546615 988891
705200 188041
853371 582729
859691 524238
516361 304860
805074 172410
441713 108053
953801 633900
980386 181545
9517 903046
749713 567060
851419 1986
908391 342335
464456 626258
787580 786821
558675 444542
53676 207578
991940 311327
525162 338618
835041 111460
883414 911942
402194 188848
38419 493727
11829 333470
558696 166076
477510 473111
421065 810119
303475 345583
242386 414842
595385 22792
247356 864256
388191 181356
743856 174295
914243 832614
719238 465223
521407 106642
343987 561993
132157 565246
683994 875979
397612 454914
349898 216802
659712 677719
216313 671941
938163 275297
26238 634378
413127 502926
353092 204724
118419 889928
470273 908866
820897 480008
52915 987543
879883 741450
979763 531335
465156 3108
547138 487329
219443 998148
173233 546519
496717 49037
53033 769950
574423 806067
407002 938151
320212 189694
896009 841433
573996 196754
256227 480866
197818 773911
761498 728413
374233 873691
653195 175865
595241 317294
378472 31037
489024 721813
903937 200187
439780 126024
956775 618068
250630 574804
740329 951820
651075 460600
833492 417474
290824 969720
71458 439134
48370 859887
724741 629465
62651 249604
282624 388009
2724 139688
291902 635456
887457 761596
442677 260864
598349 364605
45711 984113
498283 638455
394336 257378
859515 602718
95284 28564
76950 22861
671665 700201
883344 512974
453175 253327
639909 320035
956767 200319
111519 740553
142652 399541
655294 853918
679770 459740
708107 482696
759886 220335
404940 410535
977510 247029
543437 4170
707274 658340
691516 983661
91334 438591
416797 50425
678152 457147
904202 813675
436879 66134
274684 711538
137000 452374
507259 851559
846859 434429
246563 798895
494819 979782
856888 754661
822011 963487
967967 268932
484118 803827
227539 385426
727869 66042
226924 474447
387119 765718
569736 797955
470963 931603
150493 208077
274121 503143
413696 699798
414474 104994
921894 818871
225284 627808
549184 938373
580085 827161
850555 330150
911296 930093
264311 346996
422199 750187
991004 583576
116811 205346
510284 713968
336673 971461
167887 123435
887549 139362
553977 920475
437448 999730
464222 540093
158646 288362
817129 434213
922049 720360
474121 754442
310453 914075
836750 770121
305180 315277
738861 203372
27269 658426
877743 932210
575495 636567
658620 780740
627453 420988
931063 814311
839211 40203
748224 272640
727712 384471
825591 704949
903615 942140
714014 313357
985826 44798
405343 991330
821483 23212
7703 799806
781030 22620
435295 88802
246400 937237
555426 311759
991434 537411
989901 771015
730682 407903
959651 242365
968914 57165
887710 523973
572075 8210
21081 241826
767807 806202
212772 875701
132539 220811
792971 496932
404186 946696
567586 261454
212582 801380
234953 182712
641197 61533
405800 903694
243085 551027
546261 999569
882683 211587
776999 825172
384591 571201
176681 412044
95331 388568
596690 935928
507977 564270
580023 377754
600059 628382
86051 878671
269554 907495
178452 688679
729460 692664
563324 585288
803447 501396
189015 252026
424447 828476
654924 276897
183040 702090
989906 809553
689464 828642
131994 126952
742852 401505
642348 819577
251154 473764
303807 408304
280507 923466
349500 422632
72295 908820
898270 11531
568538 260332
56006 344786
639280 72474
296780 698683
153259 733577
183022 808145
389942 715718
462227 608878
494823 467551
948875 878631
533201 986724
930869 619042
635666 204749
688891 426620
312324 331765
857133 56688
801436 779494
341486 318758
123865 556493
586370 840588
106827 604258
825500 722211
896277 246546
127529 356752
542416 378259
981796 712602
886988 179554
597202 827702
508913 964774
175936 40005
618823 846452
961455 673805
984996 776889
535345 504448
544964 916467
616301 71243
465747 478383
254422 525109
207550 419434
403982 129228
335491 335996
766364 436119
746910 521210
86497 588933
703046 908968
234582 29003
115753 521791
338061 259207
288357 961788
829720 398160
962429 82142
664022 702842
601022 752442
649662 43808
373645 853455
440400 875475
430340 460601
916248 834949
342861 492447
794047 327851
357029 874843
464407 477014
891253 360480
567607 519814
747990 506859
693139 514830
181214 852699
413321 58088
313449 946216
316067 852766
770490 318105
2743 795858
561568 818355
400831 429254
3263 286331
935772 596015
129160 692452
250819 978777
547269 470314
397795 336919
360314 118918
531269 345116
888397 400748
598164 806371
153533 34015
549642 507123
499080 644858
673845 400926
571389 653584
727966 935947
844676 353839
151744 439834
270930 353045
148684 462892
574738 908136
987061 889861
636885 32694
949242 238395
128645 915376
838755 470609
419239 186052
72513 640238
913323 726567
228893 437921
991462 98567
582103 918194
740383 866655
476822 138271
282756 495583
979250 885451
118739 999500
739455 314764
358421 716407
178087 364125
542995 276310
268460 812503
538430 996766
683157 211948
231117 325559
32503 472349
714543 931460
478819 10667
161118 907264
864584 231833
152827 742401
137451 196236
641827 448775
85693 813764
66229 330554
877806 990350
423885 834408
830115 946839
849469 536431
744401 724313
962311 843714
305176 599889
461838 338857
200320 423807
23026 329567
242928 765846
218632 757676
770498 289745
607418 993051
821564 634451
890981 512805
471112 480870
122901 56112
523199 704598
773415 292046
212449 470286
495311 655740
597357 342986
472576 137371
36775 702062
752643 947531
449669 759223
108929 353528
900101 704340
367671 45691
632985 960708
7041 159725
575846 578114
508482 488225
272029 926442
761662 21257
567756 40146
167413 811303
297141 612550
849775 955392
698630 136504
698127 612268
798819 456175
82425 773820
853401 514243
433153 970854
400977 167714
205742 100074
373274 118552
156893 253436
176054 715793
290920 880392
930038 850208
662174 817432
29980 653071
151702 215188
272278 849494
417768 791045
718322 540307
975653 837068
607252 287582
705042 635672
674084 302527
456073 805428
380983 138492
75569 926555
77399 600328
670548 762135
52932 479472
387930 740612
404822 402369
253054 674881
906078 901202
225772 756168
858519 275778
796927 241097
468258 731957
733529 478355
920001 324767
740338 188507
204074 818221
665331 934687
554768 563150
134106 942209
759479 317918
592531 917900
12464 988354
864922 152635
401378 337376
362651 697437
978184 265122
297939 86932
749358 775683
63271 924177
490419 622067
574997 21764
628122 766374
641920 563348
724064 256929
12526 388811
714031 930508
344382 987147
477021 518536
30439 519099
760938 851105
472579 81215
521823 695345
575908 488785
191199 428113
829861 265605
817548 255457
861404 138395
182796 575670
968390 520234
307560 988119
203324 766139
767371 670086
298259 251315
224032 613216
919620 516471
570312 909149
481251 376707
