recursif
3
100 4.100799560546875e-05
200 0.00010720888773600261
300 0.00013589859008789062
400 0.0001624425252278646
500 0.00020416577657063803
600 0.00023714701334635416
700 0.00026186307271321613
800 0.00025041898091634113
900 0.0002816518147786458
1000 0.00032822291056315106
2000 0.0004658699035644531
3000 0.0006949106852213541
4000 0.0009376207987467448
5000 0.0012137095133463542
6000 0.0014418760935465496
7000 0.001699209213256836
8000 0.0019516150156656902
9000 0.0022122859954833984
10000 0.002481698989868164
20000 0.005177815755208333
30000 0.0077715714772542315
40000 0.01054986317952474
50000 0.013018608093261719
60000 0.015766143798828125
70000 0.018629074096679688
80000 0.02180004119873047
90000 0.024315913518269856
100000 0.026801665623982746
200000 0.05480639139811198
300000 0.08481796582539876
400000 0.11238503456115723
500000 0.14205002784729004
600000 0.1726501782735189
700000 0.20372343063354492
800000 0.2293705145517985
900000 0.2594873110453288
1000000 0.29082099596659344
2000000 0.6008299191792806
3000000 0.9150258700052897
4000000 1.232068618138631
