recursif
3
100 5.253156026204427e-05
200 9.663899739583333e-05
300 0.0001385211944580078
400 0.00016919771830240885
500 0.0002086162567138672
600 0.0002551078796386719
700 0.0002300739288330078
800 0.0002884070078531901
900 0.00024851163228352863
1000 0.0003009637196858724
2000 0.0005188783009847006
3000 0.0007169246673583984
4000 0.0009938875834147136
5000 0.0012878576914469402
6000 0.0014715989430745442
7000 0.0017542044321695964
8000 0.0020596981048583984
9000 0.0023228327433268228
10000 0.0026389757792154946
20000 0.005462805430094401
30000 0.008072455724080404
40000 0.011148532231648764
50000 0.01346739133199056
60000 0.016432762145996094
70000 0.01954038937886556
80000 0.02281077702840169
90000 0.024775346120198567
100000 0.027664025624593098
200000 0.056526899337768555
300000 0.08901651700337727
400000 0.1159515380859375
500000 0.14731454849243164
600000 0.1806966463724772
700000 0.2093517780303955
800000 0.2362220287322998
900000 0.2684173583984375
1000000 0.30190475781758624
2000000 0.6208175818125407
3000000 0.9298808574676514
4000000 1.2759025891621907
