recursif
3
100 2.9881795247395832e-05
200 5.094210306803385e-05
300 7.541974385579427e-05
400 0.00010315577189127605
500 0.00015695889790852865
600 0.00014988581339518228
700 0.00017150243123372397
800 0.00020138422648111978
900 0.00025177001953125
1000 0.000288089116414388
2000 0.0005145072937011719
3000 0.0007484753926595052
4000 0.0010056495666503906
5000 0.0012917518615722656
6000 0.001676003138224284
7000 0.001829703648885091
8000 0.0020798842112223306
9000 0.0023779869079589844
10000 0.0026487509409586587
20000 0.0055433909098307295
30000 0.008485635121663412
40000 0.0116729736328125
50000 0.014057795206705729
60000 0.017376104990641277
70000 0.020717620849609375
80000 0.023763338724772137
90000 0.02650753657023112
100000 0.029090007146199543
200000 0.059172868728637695
300000 0.09139498074849446
400000 0.11996142069498698
500000 0.1525271733601888
