brute
3
100 8.646647135416667e-05
200 0.0002644062042236328
300 0.0005625089009602865
400 0.0009946823120117188
500 0.0015281041463216145
600 0.0021409988403320312
700 0.0028808116912841797
800 0.003783067067464193
900 0.0047423044840494795
1000 0.005810737609863281
2000 0.023239692052205402
3000 0.05164074897766113
4000 0.09307424227396648
5000 0.1431551774342855
6000 0.20619599024454752
7000 0.28026509284973145
8000 0.36633920669555664
9000 0.4635516007741292
10000 0.5720450083414713
20000 2.286609967549642
30000 5.14186151822408
40000 9.139901876449585
50000 14.320892413457235
60000 21.23600482940674
70000 28.28502853711446
80000 38.114022413889565
90000 47.60127441088358
100000 59.17378600438436
200000 234.45889488855997
300000 529.9880793094635
400000 947.2254710197449
500000 1427.8384608427684
